return {
	["FOV"] = {
		50,
		50,
		50,
		50,
		50,
		50,
		50,
		50,
		50,
		50,
		50,
		50,
		50,
		50,
		50,
		50,
		50,
		50,
		50,
		50,
		50,
		50,
		50,
		50,
		50,
		50,
		50,
		50,
		50,
		50,
		50,
		50,
		50,
		50,
		50,
		50,
		50,
		50,
		50,
		50,
		50,
		50,
		50,
		50,
		50,
		50,
		50,
		50,
		50,
		50,
		50,
		50,
		50,
		50,
		50,
		50,
		50,
		50,
		50,
		50,
		50,
		50,
		50,
		50,
		50,
		50,
		50,
		50,
		50,
		50,
		50,
		50,
		50,
		50,
		50,
		50,
		50,
		50,
		50,
		50,
		50,
		50,
		50,
		50,
		50,
		50,
		50,
		50,
		50,
		50,
		50,
		50,
		50,
		50,
		50,
		50,
		50,
		50,
		50,
		50,
		50,
		50,
		50,
		50,
		50,
		50,
		50,
		50,
		50,
		50,
		50,
		50,
		50,
		50,
		50,
		50,
		50,
		50,
		50,
		50,
		50,
		50,
		50,
		50,
		50,
		50,
		50,
		50,
		50,
		50,
		50,
		50,
		50,
		50,
		50,
		50,
		50,
		50,
		50,
		50,
		50.155,
		50.268,
		50.309,
		50.645,
		50.891,
		50.981,
		51.372,
		51.658,
		51.763,
		52.102,
		52.436,
		52.763,
		53.08,
		53.382,
		53.666,
		53.929,
		54.169,
		54.382,
		54.566,
		54.72,
		54.842,
		54.929,
		54.982,
		55,
		54.991,
		54.927,
		54.754,
		54.417,
		53.861,
		53.032,
		51.875,
		50.335,
		48.358,
		45.889,
		42.874,
		39.257,
		34.984,
		30,
		30.145,
		30.291,
		30.436,
		30.58,
		30.725,
		30.868,
		31.011,
		31.153,
		31.294,
		31.434,
		31.573,
		31.71,
		31.846,
		31.98,
		32.113,
		32.244,
		32.373,
		32.5,
		32.625,
		32.748,
		32.868,
		32.986,
		33.101,
		33.214,
		33.324,
		33.431,
		33.536,
		33.637,
		33.735,
		33.83,
		33.922,
		34.011,
		34.096,
		34.177,
		34.256,
		34.33,
		34.401,
		34.468,
		34.532,
		34.591,
		34.647,
		34.698,
		34.746,
		34.79,
		34.83,
		34.865,
		34.897,
		34.924,
		34.947,
		34.966,
		34.981,
		34.992,
		34.998,
		35,
		35,
		35,
		35,
		35,
		35,
		35,
		35,
		35,
		35,
		35,
		35,
		35,
		35,
		35,
		35,
		35,
		35,
		35,
		35,
		35,
		35,
		35,
		35,
		35,
		35,
		35,
		35,
		35,
		35,
		35,
		35,
		35,
		35,
		35,
		35,
		35,
		35,
		35,
		35,
		35,
		35,
		35,
		35,
		35,
		35,
		35,
		35,
		35,
		35,
		35,
		35,
		35,
		35,
		35,
		35,
		35,
		35,
		35,
		35,
		35,
		35,
		35,
		35,
		35,
		35,
		35,
		35,
		35,
		35,
		35,
		35,
		35,
		35,
		35,
		35,
		35,
		35,
		35,
		35,
		35,
		35,
		35,
		35,
		35,
		35,
		35,
		35.167,
		35.333,
		35.5,
		35.667,
		35.833,
		36,
		35.969,
		35.937,
		35.906,
		35.875,
		35.844,
		35.813,
		35.782,
		35.751,
		35.721,
		35.691,
		35.661,
		35.632,
		35.603,
		35.574,
		35.546,
		35.518,
		35.491,
		35.464,
		35.438,
		35.412,
		35.387,
		35.363,
		35.339,
		35.315,
		35.293,
		35.271,
		35.25,
		35.229,
		35.21,
		35.191,
		35.173,
		35.156,
		35.139,
		35.124,
		35.109,
		35.095,
		35.082,
		35.07,
		35.059,
		35.049,
		35.04,
		35.031,
		35.024,
		35.018,
		35.012,
		35.008,
		35.004,
		35.002,
		35,
		35,
		35,
		35,
		35,
		35,
		35,
		35,
		35,
		35,
		35,
		35,
		35,
		35,
		35,
		35,
		35,
		35,
		35,
		35,
		35,
		35,
		35,
		35,
		35,
		35,
		35,
		35,
		35,
		35,
		35,
		35,
		35,
		35,
		35,
		35,
		35,
		35,
		35,
		35,
		35,
		35,
		35,
		35,
		35,
		35,
		35,
		35,
		34.66,
		34.32,
		33.98,
		33.64,
		33.3,
		32.96,
		32.62,
		32.28,
		31.94,
		31.6,
		31.26,
		30.92,
		30.58,
		30.24,
		29.9,
		29.56,
		29.22,
		28.88,
		28.54,
		28.2,
		27.86,
		27.52,
		27.18,
		26.84,
		26.5,
		26.16,
		25.82,
		25.48,
		25.14,
		24.8,
		24.46,
		24.12,
		23.78,
		23.44,
		23.1,
		22.76,
		22.42,
		22.08,
		21.74,
		21.4,
		21.06,
		20.72,
		20.38,
		20.04,
		19.7,
		19.36,
		19.02,
		18.68,
		18.34,
		18,
		18.224,
		18.447,
		18.668,
		18.884,
		19.096,
		19.302,
		19.5,
		19.69,
		19.87,
		20.041,
		20.199,
		20.345,
		20.479,
		20.598,
		20.703,
		20.793,
		20.867,
		20.925,
		20.966,
		20.992,
		21,
		20.997,
		20.986,
		20.969,
		20.946,
		20.916,
		20.879,
		20.837,
		20.789,
		20.736,
		20.677,
		20.614,
		20.547,
		20.476,
		20.402,
		20.325,
		20.245,
		20.165,
		20.083,
		20,
		20.269,
		20.538,
		20.808,
		21.077,
		21.346,
		21.615,
		21.885,
		22.154,
		22.423,
		22.692,
		22.962,
		23.231,
		23.5,
		23.769,
		24.038,
		24.308,
		24.577,
		24.846,
		25.115,
		25.385,
		25.654,
		25.923,
		26.192,
		26.462,
		26.731,
		27,
		27.028,
		27.056,
		27.085,
		27.113,
		27.141,
		27.169,
		27.197,
		27.225,
		27.254,
		27.282,
		27.31,
		27.338,
		27.366,
		27.394,
		27.423,
		27.451,
		27.479,
		27.507,
		27.535,
		27.563,
		27.592,
		27.62,
		27.648,
		27.676,
		27.704,
		27.732,
		27.761,
		27.789,
		27.817,
		27.845,
		27.873,
		27.901,
		27.93,
		27.958,
		27.986,
		28.014,
		28.042,
		28.07,
		28.099,
		28.127,
		28.155,
		28.183,
		28.211,
		28.239,
		28.268,
		28.296,
		28.324,
		28.352,
		28.38,
		28.408,
		28.437,
		28.465,
		28.493,
		28.521,
		28.549,
		28.577,
		28.606,
		28.634,
		28.662,
		28.69,
		28.718,
		28.746,
		28.775,
		28.803,
		28.831,
		28.859,
		28.887,
		28.915,
		28.944,
		28.972,
		29,
		40,
		40,
		40,
		40.28,
		40.56,
		40.838,
		41.113,
		41.384,
		41.651,
		41.913,
		42.169,
		42.419,
		42.66,
		42.893,
		43.117,
		43.332,
		43.536,
		43.728,
		43.909,
		44.078,
		44.234,
		44.376,
		44.505,
		44.619,
		44.719,
		44.805,
		44.875,
		44.929,
		44.969,
		44.992,
		45,
		45,
		45,
		45,
		45,
		45,
		45,
		45,
		45,
		45,
		45,
		45,
		45,
		45,
		45,
		45,
		45,
		45,
		45,
		45,
		45,
		45,
		44.999,
		44.998,
		44.994,
		44.985,
		44.966,
		44.932,
		44.872,
		44.773,
		44.617,
		44.381,
		44.034,
		43.539,
		42.848,
		41.904,
		40.638,
		38.966,
		36.792,
		34,
		43,
		43.174,
		43.348,
		43.522,
		43.696,
		43.87,
		44.043,
		44.217,
		44.391,
		44.565,
		44.739,
		44.913,
		45.087,
		45.261,
		45.435,
		45.609,
		45.783,
		45.957,
		46.13,
		46.304,
		46.478,
		46.652,
		46.826,
		47,
		47,
		47,
		47,
		47,
		47,
		47,
		47,
		47,
		47,
		47,
		47,
		47,
		47,
		47,
		47,
		47,
		46.933,
		46.867,
		46.8,
		46.733,
		46.667,
		46.6,
		46.533,
		46.467,
		46.4,
		46.333,
		46.267,
		46.2,
		46.133,
		46.067,
		46,
		35,
		35.131,
		35.261,
		35.39,
		35.518,
		35.643,
		35.765,
		35.885,
		36,
		36.111,
		36.218,
		36.319,
		36.414,
		36.504,
		36.587,
		36.663,
		36.732,
		36.794,
		36.848,
		36.894,
		36.932,
		36.962,
		36.983,
		36.996,
		37,
		41.6,
		46.2,
		50.8,
		55.4,
		60,
		50,
		50.609,
		51.199,
		51.772,
		52.328,
		52.867,
		53.389,
		53.894,
		54.383,
		54.856,
		55.313,
		55.754,
		56.181,
		56.592,
		56.989,
		57.371,
		57.739,
		58.094,
		58.434,
		58.762,
		59.076,
		59.377,
		59.666,
		59.943,
		60.207,
		60.46,
		60.701,
		60.931,
		61.15,
		61.359,
		61.557,
		61.745,
		61.923,
		62.091,
		62.25,
		62.4,
		62.541,
		62.674,
		62.798,
		62.914,
		63.023,
		63.124,
		63.217,
		63.304,
		63.384,
		63.458,
		63.526,
		63.588,
		63.644,
		63.695,
		63.74,
		63.781,
		63.818,
		63.85,
		63.878,
		63.902,
		63.923,
		63.941,
		63.955,
		63.968,
		63.977,
		63.985,
		63.99,
		63.994,
		63.997,
		63.999,
		64,
		64,
		64,
		65.496,
		66.792,
		67.904,
		68.845,
		69.63,
		70.272,
		70.786,
		71.187,
		71.488,
		71.704,
		71.848,
		71.936,
		71.981,
		71.998,
		72,
		71.999,
		71.98,
		71.901,
		71.687,
		71.235,
		70.414,
		69.063,
		66.989,
		63.973,
		59.766,
		54.087,
		46.631,
		37.057,
		25,
		28.811,
		32.504,
		36.08,
		39.539,
		42.88,
		46.104,
		49.211,
		52.201,
		55.074,
		57.829,
		60.467,
		62.988,
		65.391,
		67.678,
		69.847,
		71.898,
		73.833,
		75.65,
		77.35,
		78.933,
		80.399,
		81.747,
		82.978,
		84.092,
		85.089,
		85.968,
		86.73,
		87.375,
		87.903,
		88.313,
		88.606,
		88.782,
		88.841,
		88.837,
		88.826,
		88.808,
		88.699,
		88.37,
		87.822,
		87.476,
		86.438,
		84.707,
		82.285,
		79.171,
		75.365,
		70.866,
		65.676,
		59.793,
		53.219,
		45.952,
		37.993,
		29.343,
		20,
		20.942,
		21.88,
		22.811,
		23.73,
		24.635,
		25.522,
		26.387,
		27.226,
		28.037,
		28.817,
		29.561,
		30.268,
		30.935,
		31.558,
		32.135,
		32.665,
		33.145,
		33.572,
		33.947,
		34.266,
		34.529,
		34.734,
		34.882,
		34.97,
		35,
		35.66,
		36.319,
		36.976,
		37.632,
		38.285,
		38.935,
		39.581,
		40.222,
		40.859,
		41.489,
		42.113,
		42.731,
		43.34,
		43.941,
		44.534,
		45.117,
		45.69,
		46.252,
		46.804,
		47.343,
		47.871,
		48.386,
		48.888,
		49.375,
		49.849,
		50.308,
		50.752,
		51.181,
		51.593,
		51.989,
		52.369,
		52.731,
		53.076,
		53.402,
		53.711,
		54.001,
		54.273,
		54.525,
		54.758,
		54.972,
		55.166,
		55.34,
		55.494,
		55.628,
		55.741,
		55.834,
		55.907,
		55.959,
		55.99,
		56,
		55.966,
		55.866,
		55.698,
		55.462,
		55.16,
		54.79,
		54.354,
		53.85,
		53.278,
		52.64,
		51.934,
		51.161,
		50.321,
		49.414,
		48.44,
		47.398,
		46.289,
		45.113,
		43.87,
		42.56,
		41.182,
		39.737,
		38.225,
		36.646,
		34.999,
		33.286,
		31.505,
		29.657,
		27.741,
		25.759,
		23.709,
		21.592,
		19.408,
		17.157,
		14.839,
		12.453,
		10,
		14.103,
		18.205,
		22.308,
		26.41,
		30.513,
		34.615,
		38.718,
		42.821,
		46.923,
		45.558,
		44.192,
		42.827,
		41.981,
		41.135,
		40.288,
		39.962,
		39.635,
		39.308,
		38.975,
		38.643,
		38.31,
		37.978,
		37.646,
		37.313,
		36.981,
		36.648,
		36.316,
		35.984,
		35.651,
		35.319,
		34.986,
		34.654,
		34.321,
		33.989,
		33.657,
		33.324,
		32.992,
		32.659,
		32.327,
		31.995,
		31.9,
		31.643,
		31.291,
		31.199,
		30.947,
		30.603,
		30.516,
		30.28,
		29.957,
		29.871,
		29.637,
		29.317,
		29.2,
		28.85,
		28.27,
		27.466,
		26.445,
		25.219,
		23.797,
		22.195,
		20.426,
		18.51,
		16.463,
		14.306,
		12.059,
		9.744,
		7.383,
		5,
		60,
		59.198,
		58.398,
		57.603,
		56.816,
		56.037,
		55.27,
		54.517,
		53.78,
		53.061,
		52.363,
		51.687,
		51.035,
		50.41,
		49.813,
		49.246,
		48.71,
		48.207,
		47.739,
		47.307,
		46.912,
		46.556,
		46.239,
		45.962,
		45.727,
		45.533,
		45.382,
		45.274,
		45.208,
		45.187,
		45.16,
		45.133,
		45.105,
		45.083,
		45.06,
		45.038,
		45.019,
		45,
		44.981,
		44.965,
		44.948,
		44.932,
		44.916,
		44.901,
		44.885,
		44.876,
		44.866,
		44.857,
		44.847,
		44.838,
		44.828,
		44.819,
		44.809,
		44.8,
		44.79,
		44.781,
		44.771,
		44.762,
		44.752,
		44.743,
		44.733,
		44.724,
		44.714,
		44.705,
		44.695,
		44.686,
		44.676,
		44.667,
		44.657,
		44.647,
		44.638,
		44.628,
		44.619,
		44.609,
		44.6,
		44.59,
		44.581,
		44.571,
		44.562,
		44.552,
		44.543,
		44.533,
		44.524,
		44.514,
		44.505,
		44.495,
		44.486,
		44.476,
		44.467,
		44.457,
		44.448,
		44.438,
		44.428,
		44.419,
		44.409,
		44.4,
		44.39,
		44.381,
		44.371,
		44.362,
		44.352,
		44.343,
		44.333,
		44.324,
		44.314,
		44.305,
		44.295,
		44.286,
		44.276,
		44.267,
		44.257,
		44.248,
		44.238,
		44.229,
		44.219,
		44.209,
		44.2,
		44.19,
		44.181,
		44.171,
		44.162,
		44.152,
		44.143,
		44.133,
		44.124,
		44.114,
		44.105,
		44.095,
		44.086,
		44.076,
		44.067,
		44.057,
		44.048,
		44.038,
		44.029,
		44.019,
		44.01,
		44,
		44.808,
		45.614,
		46.416,
		47.214,
		48.005,
		48.789,
		49.562,
		50.325,
		51.074,
		51.81,
		52.53,
		53.232,
		53.916,
		54.58,
		55.223,
		55.843,
		56.439,
		57.01,
		57.555,
		58.073,
		58.562,
		59.022,
		59.452,
		59.851,
		60.217,
		60.551,
		60.852,
		61.119,
		61.351,
		61.549,
		61.711,
		61.837,
		61.928,
		61.982,
		62,
		61.923,
		61.847,
		61.771,
		61.695,
		61.619,
		61.544,
		61.47,
		61.397,
		61.324,
		61.252,
		61.182,
		61.113,
		61.045,
		60.978,
		60.913,
		60.849,
		60.788,
		60.728,
		60.669,
		60.613,
		60.559,
		60.507,
		60.457,
		60.409,
		60.364,
		60.321,
		60.281,
		60.243,
		60.208,
		60.175,
		60.145,
		60.118,
		60.093,
		60.071,
		60.053,
		60.037,
		60.023,
		60.013,
		60.006,
		60.001,
		60,
		59.949,
		59.897,
		59.846,
		59.795,
		59.744,
		59.692,
		59.641,
		59.59,
		59.538,
		59.487,
		59.436,
		59.385,
		59.333,
		59.282,
		59.231,
		59.179,
		59.128,
		59.077,
		59.026,
		58.974,
		58.923,
		58.872,
		58.821,
		58.769,
		58.718,
		58.667,
		58.615,
		58.564,
		58.513,
		58.462,
		58.41,
		58.359,
		58.308,
		58.256,
		58.205,
		58.154,
		58.103,
		58.051,
		58,
		58,
		58,
		58,
		58,
		58,
		58,
		58,
		58,
		58,
		58,
		58,
		58,
		58,
		58,
		58,
		58,
		58,
		58,
		57.857,
		57.714,
		57.571,
		57.429,
		57.286,
		57.143,
		57,
		56.857,
		56.714,
		56.571,
		56.429,
		56.286,
		56.143,
		56,
		55.714,
		55.429,
		55.143,
		54.857,
		54.571,
		54.286,
		54,
		53.714,
		53.429,
		53.143,
		52.857,
		52.571,
		52.286,
		52,
		52,
		52,
		52,
		52,
		52,
		52,
		52,
		52,
		52,
		52,
		52,
		52,
		52,
		52,
		52,
		52,
		52,
		52,
		52,
		52,
		52,
		52,
		52,
		52,
		52,
		52,
		52,
		52,
		52,
		52,
		52,
		52,
		52,
		52,
		52,
		52,
		52,
		52,
		52,
		52,
		52,
		52,
		52,
		52,
		52,
		52,
		52,
		52,
		52.605,
		53.211,
		53.816,
		54.421,
		55.026,
		55.632,
		56.237,
		56.842,
		57.447,
		58.053,
		58.658,
		59.263,
		59.868,
		60.474,
		61.079,
		61.684,
		62.289,
		62.895,
		63.5,
		64.105,
		64.711,
		65.316,
		65.921,
		66.526,
		67.132,
		67.737,
		68.342,
		68.947,
		69.553,
		70.158,
		70.763,
		71.368,
		71.974,
		72.579,
		73.184,
		73.789,
		74.395,
		75,
		74.984,
		74.869,
		74.557,
		73.95,
		72.95,
		71.458,
		69.375,
		66.603,
		63.045,
		58.601,
		53.172,
		46.662,
		38.97,
		30,
		30.491,
		30.98,
		31.467,
		31.951,
		32.43,
		32.903,
		33.369,
		33.827,
		34.276,
		34.714,
		35.141,
		35.556,
		35.957,
		36.344,
		36.716,
		37.071,
		37.41,
		37.73,
		38.032,
		38.315,
		38.577,
		38.819,
		39.04,
		39.239,
		39.415,
		39.569,
		39.7,
		39.808,
		39.892,
		39.952,
		39.988,
		40,
		37.5,
		35,
		32.5,
		30,
		30,
		31.396,
		32.79,
		34.181,
		35.567,
		36.946,
		38.316,
		39.677,
		41.025,
		42.361,
		43.681,
		44.984,
		46.269,
		47.535,
		48.779,
		50,
		51.197,
		52.368,
		53.511,
		54.626,
		55.712,
		56.765,
		57.786,
		58.774,
		59.726,
		60.642,
		61.52,
		62.361,
		63.162,
		63.922,
		64.641,
		65.318,
		65.952,
		66.542,
		67.087,
		67.588,
		68.042,
		68.45,
		68.812,
		69.126,
		69.392,
		69.611,
		69.781,
		69.903,
		69.976,
		70,
		60.582,
		60.701,
		60.818,
		60.931,
		61.042,
		61.15,
		61.256,
		61.359,
		61.459,
		61.557,
		61.652,
		61.745,
		61.835,
		61.923,
		62.008,
		62.091,
		62.172,
		62.25,
		62.326,
		62.4,
		62.472,
		62.541,
		62.608,
		62.674,
		62.737,
		62.798,
		62.857,
		62.914,
		62.969,
		63.023,
		63.074,
		63.124,
		63.171,
		63.217,
		63.262,
		63.304,
		63.345,
		63.384,
		63.422,
		63.458,
		63.493,
		63.526,
		63.557,
		63.588,
		63.616,
		63.644,
		63.67,
		63.695,
		63.718,
		63.74,
		63.761,
		63.781,
		63.8,
		63.818,
		63.834,
		63.85,
		63.864,
		63.878,
		63.89,
		63.902,
		63.913,
		63.923,
		63.932,
		63.941,
		63.948,
		63.955,
		63.962,
		63.968,
		63.973,
		63.977,
		63.981,
		63.985,
		63.988,
		63.99,
		63.993,
		63.994,
		63.996,
		63.997,
		63.998,
		63.999,
		63.999,
		64,
		64,
		64,
		64,
		64,
		64.774,
		65.496,
		66.168,
		66.792,
		67.37,
		67.904,
		68.395,
		68.845,
		69.256,
		69.63,
		69.968,
		70.272,
		70.544,
		70.786,
		71,
		71.187,
		71.349,
		71.488,
		71.606,
		71.704,
		71.784,
		71.848,
		71.898,
		71.936,
		71.963,
		71.981,
		71.992,
		71.998,
		72,
		72,
		72,
		71.999,
		71.995,
		71.983,
		71.958,
		71.914,
		71.84,
		71.728,
		71.564,
		71.335,
		71.027,
		70.622,
		70.102,
		69.447,
		68.636,
		67.645,
		66.45,
		65.024,
		63.34,
		61.368,
		59.076,
		56.433,
		53.404,
		49.953,
		46.042,
		41.633,
		36.685,
		31.155,
		25,
		26.92,
		28.811,
		30.672,
		32.504,
		34.306,
		36.08,
		37.824,
		39.539,
		41.224,
		42.88,
		44.507,
		46.104,
		47.672,
		49.211,
		50.721,
		52.201,
		53.652,
		55.074,
		56.466,
		57.829,
		59.163,
		60.467,
		61.742,
		62.988,
		64.204,
		65.391,
		66.549,
		67.678,
		68.777,
		69.847,
		70.887,
		71.898,
		72.88,
		73.833,
		74.756,
		75.65,
		76.515,
		77.35,
		78.157,
		78.933,
		79.681,
		80.399,
		81.088,
		81.747,
		82.377,
		82.978,
		83.55,
		84.092,
		84.605,
		85.089,
		85.543,
		85.968,
		86.364,
		86.73,
		87.067,
		87.375,
		87.653,
		87.903,
		88.122,
		88.313,
		88.474,
		88.606,
		88.709,
		88.782,
		88.826,
		88.841,
		88.84,
		88.837,
		88.833,
		88.826,
		88.818,
		88.808,
		88.781,
		88.699,
		88.562,
		88.37,
		88.123,
		87.822,
		87.735,
		87.476,
		87.043,
		86.438,
		85.659,
		84.707,
		83.583,
		82.285,
		80.815,
		79.171,
		77.354,
		75.365,
		73.202,
		70.866,
		68.358,
		65.676,
		62.821,
		59.793,
		56.593,
		53.219,
		49.672,
		45.952,
		42.059,
		37.993,
		33.755,
		29.343,
		24.758,
		20,
		20.481,
		20.961,
		21.44,
		21.918,
		22.394,
		22.867,
		23.338,
		23.805,
		24.268,
		24.727,
		25.18,
		25.629,
		26.072,
		26.508,
		26.938,
		27.361,
		27.776,
		28.183,
		28.582,
		28.972,
		29.352,
		29.723,
		30.085,
		30.435,
		30.775,
		31.104,
		31.422,
		31.727,
		32.021,
		32.303,
		32.571,
		32.827,
		33.07,
		33.299,
		33.515,
		33.716,
		33.904,
		34.077,
		34.236,
		34.38,
		34.509,
		34.624,
		34.723,
		34.808,
		34.877,
		34.931,
		34.969,
		34.992,
		35,
		35.327,
		35.653,
		35.979,
		36.306,
		36.631,
		36.957,
		37.282,
		37.606,
		37.93,
		38.253,
		38.575,
		38.897,
		39.217,
		39.536,
		39.855,
		40.172,
		40.488,
		40.802,
		41.116,
		41.427,
		41.737,
		42.046,
		42.353,
		42.658,
		42.961,
		43.262,
		43.561,
		43.859,
		44.154,
		44.446,
		44.737,
		45.025,
		45.311,
		45.594,
		45.875,
		46.153,
		46.428,
		46.701,
		46.971,
		47.238,
		47.501,
		47.762,
		48.02,
		48.275,
		48.526,
		48.775,
		49.019,
		49.261,
		49.499,
		49.733,
		49.964,
		50.192,
		50.415,
		50.635,
		50.851,
		51.064,
		51.272,
		51.476,
		51.677,
		51.873,
		52.066,
		52.254,
		52.438,
		52.618,
		52.794,
		52.965,
		53.132,
		53.294,
		53.453,
		53.606,
		53.755,
		53.9,
		54.04,
		54.176,
		54.306,
		54.433,
		54.554,
		54.671,
		54.783,
		54.89,
		54.992,
		55.09,
		55.182,
		55.27,
		55.353,
		55.431,
		55.504,
		55.572,
		55.635,
		55.693,
		55.747,
		55.795,
		55.838,
		55.876,
		55.909,
		55.937,
		55.959,
		55.977,
		55.99,
		55.997,
		56,
		55.991,
		55.965,
		55.922,
		55.862,
		55.784,
		55.689,
		55.577,
		55.448,
		55.301,
		55.137,
		54.956,
		54.757,
		54.541,
		54.308,
		54.058,
		53.79,
		53.505,
		53.203,
		52.884,
		52.547,
		52.193,
		51.822,
		51.434,
		51.028,
		50.605,
		50.165,
		49.707,
		49.233,
		48.74,
		48.231,
		47.705,
		47.161,
		46.6,
		46.021,
		45.426,
		44.813,
		44.183,
		43.535,
		42.871,
		42.189,
		41.49,
		40.773,
		40.039,
		39.288,
		38.52,
		37.735,
		36.932,
		36.112,
		35.275,
		34.42,
		33.548,
		32.659,
		31.753,
		30.829,
		29.888,
		28.93,
		27.955,
		26.962,
		25.952,
		24.925,
		23.88,
		22.819,
		21.74,
		20.643,
		19.53,
		18.399,
		17.251,
		16.086,
		14.903,
		13.703,
		12.486,
		11.252,
		10,
		60,
		59.231,
		58.462,
		57.692,
		56.923,
		56.154,
		55.385,
		54.615,
		53.846,
		53.077,
		52.308,
		51.538,
		50.769,
		50,
		49.231,
		48.462,
		47.692,
		46.923,
		46.24,
		45.558,
		44.875,
		44.192,
		43.51,
		42.827,
		42.404,
		41.981,
		41.558,
		41.135,
		40.712,
		40.288,
		40.125,
		39.962,
		39.798,
		39.635,
		39.471,
		39.308,
		39.141,
		38.975,
		38.809,
		38.643,
		38.477,
		38.31,
		38.144,
		37.978,
		37.812,
		37.646,
		37.479,
		37.313,
		37.147,
		36.981,
		36.815,
		36.648,
		36.482,
		36.316,
		36.15,
		35.984,
		35.817,
		35.651,
		35.485,
		35.319,
		35.152,
		34.986,
		34.82,
		34.654,
		34.488,
		34.321,
		34.155,
		33.989,
		33.823,
		33.657,
		33.49,
		33.324,
		33.158,
		32.992,
		32.826,
		32.659,
		32.493,
		32.327,
		32.161,
		31.995,
		31.971,
		31.9,
		31.788,
		31.643,
		31.473,
		31.291,
		31.268,
		31.199,
		31.09,
		30.947,
		30.781,
		30.603,
		30.581,
		30.516,
		30.414,
		30.28,
		30.124,
		29.957,
		29.935,
		29.871,
		29.769,
		29.637,
		29.482,
		29.317,
		29.289,
		29.207,
		29.069,
		28.877,
		28.631,
		28.332,
		27.979,
		27.575,
		27.119
	},
	["Frames"] = {
		CFrame.new(0.118, 1.286, 5.37, 1, 0, -0.001, 0, 0.99, 0.144, 0.001, -0.144, 0.99),
		CFrame.new(0.118, 1.286, 5.37, 1, 0, -0.001, -0, 0.99, 0.144, 0.001, -0.144, 0.99),
		CFrame.new(0.118, 1.286, 5.37, 1, 0, -0.001, 0, 0.99, 0.144, 0.001, -0.144, 0.99),
		CFrame.new(0.118, 1.286, 5.37, 1, 0, -0.001, -0, 0.99, 0.144, 0.001, -0.144, 0.99),
		CFrame.new(0.118, 1.286, 5.37, 1, 0, -0.001, 0, 0.99, 0.144, 0.001, -0.144, 0.99),
		CFrame.new(0.118, 1.286, 5.372, 1, 0, -0.001, 0, 0.99, 0.144, 0.001, -0.144, 0.99),
		CFrame.new(0.118, 1.286, 5.374, 1, 0, -0.001, 0, 0.99, 0.144, 0.001, -0.144, 0.99),
		CFrame.new(0.118, 1.286, 5.377, 1, 0, -0.001, 0, 0.99, 0.144, 0.001, -0.144, 0.99),
		CFrame.new(0.118, 1.286, 5.379, 1, 0, -0.001, 0, 0.99, 0.144, 0.001, -0.144, 0.99),
		CFrame.new(0.118, 1.286, 5.382, 1, 0, -0.001, -0, 0.99, 0.144, 0.001, -0.144, 0.99),
		CFrame.new(0.118, 1.286, 5.384, 1, 0, -0.001, 0, 0.99, 0.144, 0.001, -0.144, 0.99),
		CFrame.new(0.118, 1.286, 5.387, 1, 0, -0.001, -0, 0.99, 0.144, 0.001, -0.144, 0.99),
		CFrame.new(0.118, 1.286, 5.389, 1, 0, -0.001, 0, 0.99, 0.144, 0.001, -0.144, 0.99),
		CFrame.new(0.118, 1.286, 5.392, 1, 0, -0.001, -0, 0.99, 0.144, 0.001, -0.144, 0.99),
		CFrame.new(0.118, 1.286, 5.394, 1, 0, -0.001, 0, 0.99, 0.144, 0.001, -0.144, 0.99),
		CFrame.new(0.118, 1.286, 5.397, 1, 0, -0.001, 0, 0.99, 0.144, 0.001, -0.144, 0.99),
		CFrame.new(0.118, 1.286, 5.399, 1, 0, -0.001, 0, 0.99, 0.144, 0.001, -0.144, 0.99),
		CFrame.new(0.118, 1.286, 5.401, 1, 0, -0.001, 0, 0.99, 0.144, 0.001, -0.144, 0.99),
		CFrame.new(0.118, 1.286, 5.404, 1, 0, -0.001, 0, 0.99, 0.144, 0.001, -0.144, 0.99),
		CFrame.new(0.118, 1.286, 5.406, 1, 0, -0.001, -0, 0.99, 0.144, 0.001, -0.144, 0.99),
		CFrame.new(0.118, 1.286, 5.409, 1, 0, -0.001, -0, 0.99, 0.144, 0.001, -0.144, 0.99),
		CFrame.new(0.118, 1.286, 5.411, 1, 0, -0.001, 0, 0.99, 0.144, 0.001, -0.144, 0.99),
		CFrame.new(0.118, 1.286, 5.414, 1, 0, -0.001, 0, 0.99, 0.144, 0.001, -0.144, 0.99),
		CFrame.new(0.118, 1.286, 5.416, 1, 0, -0.001, 0, 0.99, 0.144, 0.001, -0.144, 0.99),
		CFrame.new(0.118, 1.286, 5.419, 1, 0, -0.001, 0, 0.99, 0.144, 0.001, -0.144, 0.99),
		CFrame.new(0.118, 1.286, 5.421, 1, 0, -0.001, 0, 0.99, 0.144, 0.001, -0.144, 0.99),
		CFrame.new(0.118, 1.286, 5.424, 1, 0, -0.001, 0, 0.99, 0.144, 0.001, -0.144, 0.99),
		CFrame.new(0.118, 1.286, 5.426, 1, 0, -0.001, 0, 0.99, 0.144, 0.001, -0.144, 0.99),
		CFrame.new(0.118, 1.286, 5.429, 1, 0, -0.001, 0, 0.99, 0.144, 0.001, -0.144, 0.99),
		CFrame.new(0.118, 1.286, 5.431, 1, 0, -0.001, -0, 0.99, 0.144, 0.001, -0.144, 0.99),
		CFrame.new(0.118, 1.286, 5.433, 1, 0, -0.001, -0, 0.99, 0.144, 0.001, -0.144, 0.99),
		CFrame.new(0.118, 1.286, 5.436, 1, 0, -0.001, -0, 0.99, 0.144, 0.001, -0.144, 0.99),
		CFrame.new(0.118, 1.286, 5.438, 1, 0, -0.001, 0, 0.99, 0.144, 0.001, -0.144, 0.99),
		CFrame.new(0.118, 1.286, 5.441, 1, 0, -0.001, 0, 0.99, 0.144, 0.001, -0.144, 0.99),
		CFrame.new(0.118, 1.286, 5.443, 1, 0, -0.001, 0, 0.99, 0.144, 0.001, -0.144, 0.99),
		CFrame.new(0.118, 1.286, 5.446, 1, 0, -0.001, 0, 0.99, 0.144, 0.001, -0.144, 0.99),
		CFrame.new(0.118, 1.286, 5.448, 1, 0, -0.001, 0, 0.99, 0.144, 0.001, -0.144, 0.99),
		CFrame.new(0.118, 1.286, 5.451, 1, 0, -0.001, 0, 0.99, 0.144, 0.001, -0.144, 0.99),
		CFrame.new(0.118, 1.286, 5.453, 1, 0, -0.001, 0, 0.99, 0.144, 0.001, -0.144, 0.99),
		CFrame.new(0.118, 1.286, 5.456, 1, 0, -0.001, 0, 0.99, 0.144, 0.001, -0.144, 0.99),
		CFrame.new(0.118, 1.286, 5.458, 1, 0, -0.001, 0, 0.99, 0.144, 0.001, -0.144, 0.99),
		CFrame.new(0.118, 1.286, 5.46, 1, 0, -0.001, 0, 0.99, 0.144, 0.001, -0.144, 0.99),
		CFrame.new(0.118, 1.286, 5.463, 1, 0, -0.001, 0, 0.99, 0.144, 0.001, -0.144, 0.99),
		CFrame.new(0.118, 1.286, 5.465, 1, 0, -0.001, -0, 0.99, 0.144, 0.001, -0.144, 0.99),
		CFrame.new(0.118, 1.286, 5.468, 1, 0, -0.001, 0, 0.99, 0.144, 0.001, -0.144, 0.99),
		CFrame.new(0.118, 1.286, 5.47, 1, 0, -0.001, 0, 0.99, 0.144, 0.001, -0.144, 0.99),
		CFrame.new(0.118, 1.286, 5.473, 1, 0, -0.001, 0, 0.99, 0.144, 0.001, -0.144, 0.99),
		CFrame.new(0.118, 1.286, 5.475, 1, 0, -0.001, 0, 0.99, 0.144, 0.001, -0.144, 0.99),
		CFrame.new(0.118, 1.286, 5.478, 1, 0, -0.001, 0, 0.99, 0.144, 0.001, -0.144, 0.99),
		CFrame.new(0.118, 1.286, 5.48, 1, 0, -0.001, 0, 0.99, 0.144, 0.001, -0.144, 0.99),
		CFrame.new(0.118, 1.286, 5.483, 1, 0, -0.001, 0, 0.99, 0.144, 0.001, -0.144, 0.99),
		CFrame.new(0.118, 1.286, 5.485, 1, 0, -0.001, 0, 0.99, 0.144, 0.001, -0.144, 0.99),
		CFrame.new(0.118, 1.286, 5.487, 1, 0, -0.001, 0, 0.99, 0.144, 0.001, -0.144, 0.99),
		CFrame.new(0.118, 1.286, 5.49, 1, 0, -0.001, 0, 0.99, 0.144, 0.001, -0.144, 0.99),
		CFrame.new(0.118, 1.286, 5.492, 1, 0, -0.001, 0, 0.99, 0.144, 0.001, -0.144, 0.99),
		CFrame.new(0.118, 1.286, 5.495, 1, 0, -0.001, 0, 0.99, 0.144, 0.001, -0.144, 0.99),
		CFrame.new(0.118, 1.286, 5.497, 1, 0, -0.001, 0, 0.99, 0.144, 0.001, -0.144, 0.99),
		CFrame.new(0.118, 1.286, 5.5, 1, 0, -0.001, 0, 0.99, 0.144, 0.001, -0.144, 0.99),
		CFrame.new(0.118, 1.286, 5.502, 1, 0, -0.001, 0, 0.99, 0.144, 0.001, -0.144, 0.99),
		CFrame.new(0.118, 1.286, 5.505, 1, 0, -0.001, 0, 0.99, 0.144, 0.001, -0.144, 0.99),
		CFrame.new(0.118, 1.286, 5.507, 1, 0, -0.001, 0, 0.99, 0.144, 0.001, -0.144, 0.99),
		CFrame.new(0.118, 1.286, 5.51, 1, 0, -0.001, 0, 0.99, 0.144, 0.001, -0.144, 0.99),
		CFrame.new(0.118, 1.286, 5.512, 1, 0, -0.001, 0, 0.99, 0.144, 0.001, -0.144, 0.99),
		CFrame.new(0.118, 1.286, 5.514, 1, 0, -0.001, 0, 0.99, 0.144, 0.001, -0.144, 0.99),
		CFrame.new(0.118, 1.286, 5.517, 1, 0, -0.001, 0, 0.99, 0.144, 0.001, -0.144, 0.99),
		CFrame.new(0.118, 1.286, 5.519, 1, 0, -0.001, 0, 0.99, 0.144, 0.001, -0.144, 0.99),
		CFrame.new(0.118, 1.286, 5.522, 1, 0, -0.001, 0, 0.99, 0.144, 0.001, -0.144, 0.99),
		CFrame.new(0.118, 1.286, 5.524, 1, 0, -0.001, 0, 0.99, 0.144, 0.001, -0.144, 0.99),
		CFrame.new(0.118, 1.286, 5.527, 1, 0, -0.001, 0, 0.99, 0.144, 0.001, -0.144, 0.99),
		CFrame.new(0.118, 1.286, 5.529, 1, 0, -0.001, 0, 0.99, 0.144, 0.001, -0.144, 0.99),
		CFrame.new(0.118, 1.286, 5.532, 1, 0, -0.001, 0, 0.99, 0.144, 0.001, -0.144, 0.99),
		CFrame.new(0.118, 1.286, 5.534, 1, 0, -0.001, 0, 0.99, 0.144, 0.001, -0.144, 0.99),
		CFrame.new(0.118, 1.286, 5.537, 1, 0, -0.001, 0, 0.99, 0.144, 0.001, -0.144, 0.99),
		CFrame.new(0.118, 1.286, 5.539, 1, 0, -0.001, 0, 0.99, 0.144, 0.001, -0.144, 0.99),
		CFrame.new(0.118, 1.286, 5.542, 1, 0, -0.001, 0, 0.99, 0.144, 0.001, -0.144, 0.99),
		CFrame.new(0.118, 1.286, 5.544, 1, 0, -0.001, 0, 0.99, 0.144, 0.001, -0.144, 0.99),
		CFrame.new(0.118, 1.286, 5.546, 1, 0, -0.001, 0, 0.99, 0.144, 0.001, -0.144, 0.99),
		CFrame.new(0.118, 1.286, 5.549, 1, 0, -0.001, 0, 0.99, 0.144, 0.001, -0.144, 0.99),
		CFrame.new(0.118, 1.286, 5.551, 1, 0, -0.001, 0, 0.99, 0.144, 0.001, -0.144, 0.99),
		CFrame.new(0.118, 1.286, 5.554, 1, 0, -0.001, 0, 0.99, 0.144, 0.001, -0.144, 0.99),
		CFrame.new(0.118, 1.286, 5.556, 1, 0, -0.001, 0, 0.99, 0.144, 0.001, -0.144, 0.99),
		CFrame.new(0.118, 1.286, 5.559, 1, 0, -0.001, 0, 0.99, 0.144, 0.001, -0.144, 0.99),
		CFrame.new(0.118, 1.286, 5.561, 1, 0, -0.001, 0, 0.99, 0.144, 0.001, -0.144, 0.99),
		CFrame.new(0.118, 1.286, 5.564, 1, 0, -0.001, 0, 0.99, 0.144, 0.001, -0.144, 0.99),
		CFrame.new(0.118, 1.286, 5.566, 1, 0, -0.001, 0, 0.99, 0.144, 0.001, -0.144, 0.99),
		CFrame.new(0.118, 1.286, 5.569, 1, 0, -0.001, 0, 0.99, 0.144, 0.001, -0.144, 0.99),
		CFrame.new(0.118, 1.286, 5.571, 1, 0, -0.001, 0, 0.99, 0.144, 0.001, -0.144, 0.99),
		CFrame.new(0.118, 1.286, 5.573, 1, 0, -0.001, 0, 0.99, 0.144, 0.001, -0.144, 0.99),
		CFrame.new(0.118, 1.286, 5.576, 1, 0, -0.001, 0, 0.99, 0.144, 0.001, -0.144, 0.99),
		CFrame.new(0.118, 1.286, 5.578, 1, 0, -0.001, 0, 0.99, 0.144, 0.001, -0.144, 0.99),
		CFrame.new(0.118, 1.286, 5.581, 1, 0, -0.001, 0, 0.99, 0.144, 0.001, -0.144, 0.99),
		CFrame.new(0.118, 1.286, 5.583, 1, 0, -0.001, 0, 0.99, 0.144, 0.001, -0.144, 0.99),
		CFrame.new(0.118, 1.286, 5.586, 1, 0, -0.001, 0, 0.99, 0.144, 0.001, -0.144, 0.99),
		CFrame.new(0.118, 1.286, 5.588, 1, 0, -0.001, 0, 0.99, 0.144, 0.001, -0.144, 0.99),
		CFrame.new(0.118, 1.286, 5.591, 1, 0, -0.001, 0, 0.99, 0.144, 0.001, -0.144, 0.99),
		CFrame.new(0.118, 1.286, 5.593, 1, 0, -0.001, 0, 0.99, 0.144, 0.001, -0.144, 0.99),
		CFrame.new(0.118, 1.286, 5.596, 1, 0, -0.001, 0, 0.99, 0.144, 0.001, -0.144, 0.99),
		CFrame.new(0.118, 1.286, 5.598, 1, 0, -0.001, 0, 0.99, 0.144, 0.001, -0.144, 0.99),
		CFrame.new(0.118, 1.286, 5.6, 1, 0, -0.001, 0, 0.99, 0.144, 0.001, -0.144, 0.99),
		CFrame.new(0.118, 1.286, 5.603, 1, 0, -0.001, 0, 0.99, 0.144, 0.001, -0.144, 0.99),
		CFrame.new(0.118, 1.286, 5.605, 1, 0, -0.001, 0, 0.99, 0.144, 0.001, -0.144, 0.99),
		CFrame.new(0.118, 1.286, 5.608, 1, 0, -0.001, 0, 0.99, 0.144, 0.001, -0.144, 0.99),
		CFrame.new(0.118, 1.286, 5.61, 1, 0, -0.001, 0, 0.99, 0.144, 0.001, -0.144, 0.99),
		CFrame.new(0.118, 1.286, 5.613, 1, 0, -0.001, 0, 0.99, 0.144, 0.001, -0.144, 0.99),
		CFrame.new(0.118, 1.286, 5.615, 1, 0, -0.001, 0, 0.99, 0.144, 0.001, -0.144, 0.99),
		CFrame.new(0.118, 1.286, 5.618, 1, 0, -0.001, 0, 0.99, 0.144, 0.001, -0.144, 0.99),
		CFrame.new(0.118, 1.286, 5.62, 1, 0, -0.001, 0, 0.99, 0.144, 0.001, -0.144, 0.99),
		CFrame.new(0.118, 1.286, 5.623, 1, 0, -0.001, 0, 0.99, 0.144, 0.001, -0.144, 0.99),
		CFrame.new(0.118, 1.286, 5.625, 1, 0, -0.001, 0, 0.99, 0.144, 0.001, -0.144, 0.99),
		CFrame.new(0.118, 1.286, 5.628, 1, 0, -0.001, 0, 0.99, 0.144, 0.001, -0.144, 0.99),
		CFrame.new(0.118, 1.286, 5.63, 1, 0, -0.001, 0, 0.99, 0.144, 0.001, -0.144, 0.99),
		CFrame.new(0.118, 1.286, 5.632, 1, 0, -0.001, 0, 0.99, 0.144, 0.001, -0.144, 0.99),
		CFrame.new(0.118, 1.286, 5.635, 1, 0, -0.001, 0, 0.99, 0.144, 0.001, -0.144, 0.99),
		CFrame.new(0.118, 1.286, 5.637, 1, 0, -0.001, 0, 0.99, 0.144, 0.001, -0.144, 0.99),
		CFrame.new(0.118, 1.286, 5.64, 1, 0, -0.001, 0, 0.99, 0.144, 0.001, -0.144, 0.99),
		CFrame.new(0.118, 1.286, 5.642, 1, 0, -0.001, 0, 0.99, 0.144, 0.001, -0.144, 0.99),
		CFrame.new(0.118, 1.286, 5.645, 1, 0, -0.001, 0, 0.99, 0.144, 0.001, -0.144, 0.99),
		CFrame.new(0.118, 1.286, 5.647, 1, 0, -0.001, 0, 0.99, 0.144, 0.001, -0.144, 0.99),
		CFrame.new(0.118, 1.286, 5.65, 1, 0, -0.001, 0, 0.99, 0.144, 0.001, -0.144, 0.99),
		CFrame.new(0.118, 1.286, 5.652, 1, 0, -0.001, 0, 0.99, 0.144, 0.001, -0.144, 0.99),
		CFrame.new(0.118, 1.286, 5.655, 1, 0, -0.001, 0, 0.99, 0.144, 0.001, -0.144, 0.99),
		CFrame.new(0.118, 1.286, 5.657, 1, 0, -0.001, 0, 0.99, 0.144, 0.001, -0.144, 0.99),
		CFrame.new(0.118, 1.286, 5.659, 1, 0, -0.001, 0, 0.99, 0.144, 0.001, -0.144, 0.99),
		CFrame.new(0.118, 1.286, 5.662, 1, 0, -0.001, 0, 0.99, 0.144, 0.001, -0.144, 0.99),
		CFrame.new(0.118, 1.286, 5.664, 1, 0, -0.001, 0, 0.99, 0.144, 0.001, -0.144, 0.99),
		CFrame.new(0.118, 1.286, 5.667, 1, 0, -0.001, 0, 0.99, 0.144, 0.001, -0.144, 0.99),
		CFrame.new(0.118, 1.286, 5.669, 1, 0, -0.001, 0, 0.99, 0.144, 0.001, -0.144, 0.99),
		CFrame.new(0.118, 1.286, 5.672, 1, 0, -0.001, 0, 0.99, 0.144, 0.001, -0.144, 0.99),
		CFrame.new(0.118, 1.286, 5.674, 1, 0, -0.001, 0, 0.99, 0.144, 0.001, -0.144, 0.99),
		CFrame.new(0.118, 1.286, 5.677, 1, 0, -0.001, 0, 0.99, 0.144, 0.001, -0.144, 0.99),
		CFrame.new(0.118, 1.286, 5.679, 1, 0, -0.001, 0, 0.99, 0.144, 0.001, -0.144, 0.99),
		CFrame.new(0.118, 1.286, 5.682, 1, 0, -0.001, 0, 0.99, 0.144, 0.001, -0.144, 0.99),
		CFrame.new(0.118, 1.286, 5.684, 1, 0, -0.001, 0, 0.99, 0.144, 0.001, -0.144, 0.99),
		CFrame.new(0.118, 1.286, 5.686, 1, 0, -0.001, 0, 0.99, 0.144, 0.001, -0.144, 0.99),
		CFrame.new(0.118, 1.286, 5.689, 1, 0, -0.001, 0, 0.99, 0.144, 0.001, -0.144, 0.99),
		CFrame.new(0.118, 1.286, 5.691, 1, 0, -0.001, 0, 0.99, 0.144, 0.001, -0.144, 0.99),
		CFrame.new(0.118, 1.286, 5.694, 1, 0, -0.001, 0, 0.99, 0.144, 0.001, -0.144, 0.99),
		CFrame.new(0.118, 1.286, 5.696, 1, 0, -0.001, 0, 0.99, 0.144, 0.001, -0.144, 0.99),
		CFrame.new(0.118, 1.286, 5.699, 1, 0, -0.001, 0, 0.99, 0.144, 0.001, -0.144, 0.99),
		CFrame.new(0.118, 1.286, 5.701, 1, 0, -0.001, 0, 0.99, 0.144, 0.001, -0.144, 0.99),
		CFrame.new(0.118, 1.286, 5.699, 1, 0, -0.001, 0, 0.99, 0.144, 0.001, -0.144, 0.99),
		CFrame.new(0.118, 1.286, 5.696, 1, 0, -0.001, 0, 0.99, 0.144, 0.001, -0.144, 0.99),
		CFrame.new(0.118, 1.286, 5.693, 1, 0, -0.001, -0, 0.99, 0.143, 0.001, -0.143, 0.99),
		CFrame.new(0.118, 1.286, 5.68, 1, 0, -0.001, 0, 0.99, 0.143, 0.001, -0.143, 0.99),
		CFrame.new(0.118, 1.286, 5.666, 1, 0, -0.001, -0, 0.99, 0.142, 0.001, -0.142, 0.99),
		CFrame.new(0.118, 1.286, 5.652, 1, 0, -0.001, -0, 0.99, 0.142, 0.001, -0.142, 0.99),
		CFrame.new(0.118, 1.286, 5.627, 1, 0, -0.001, -0, 0.99, 0.141, 0.001, -0.141, 0.99),
		CFrame.new(0.118, 1.285, 5.603, 1, 0, -0.001, 0, 0.99, 0.139, 0.001, -0.139, 0.99),
		CFrame.new(0.118, 1.285, 5.578, 1, 0, -0.001, -0, 0.99, 0.138, 0.001, -0.138, 0.99),
		CFrame.new(0.118, 1.285, 5.549, 1, 0, -0.001, 0, 0.991, 0.137, 0.001, -0.137, 0.991),
		CFrame.new(0.118, 1.285, 5.521, 1, 0, -0.001, -0, 0.991, 0.136, 0.001, -0.136, 0.991),
		CFrame.new(0.118, 1.285, 5.492, 1, 0, -0.001, 0, 0.991, 0.135, 0.001, -0.135, 0.991),
		CFrame.new(0.118, 1.284, 5.464, 1, 0, -0.001, -0, 0.991, 0.134, 0.001, -0.134, 0.991),
		CFrame.new(0.118, 1.284, 5.435, 1, 0, -0.001, 0, 0.991, 0.132, 0.001, -0.132, 0.991),
		CFrame.new(0.118, 1.284, 5.407, 1, 0, -0.001, -0, 0.991, 0.131, 0.001, -0.131, 0.991),
		CFrame.new(0.118, 1.284, 5.378, 1, 0, -0.001, 0, 0.992, 0.13, 0.001, -0.13, 0.992),
		CFrame.new(0.118, 1.283, 5.35, 1, 0, -0.001, -0, 0.992, 0.129, 0.001, -0.129, 0.992),
		CFrame.new(0.118, 1.283, 5.321, 1, 0, -0.001, 0, 0.992, 0.128, 0.001, -0.128, 0.992),
		CFrame.new(0.118, 1.283, 5.293, 1, 0, -0.001, -0, 0.992, 0.126, 0.001, -0.126, 0.992),
		CFrame.new(0.118, 1.283, 5.264, 1, 0, -0.001, 0, 0.992, 0.125, 0.001, -0.125, 0.992),
		CFrame.new(0.118, 1.282, 5.236, 1, 0, -0.001, 0, 0.992, 0.124, 0.001, -0.124, 0.992),
		CFrame.new(0.118, 1.282, 5.215, 1, 0, -0.001, 0, 0.992, 0.123, 0.001, -0.123, 0.992),
		CFrame.new(0.118, 1.282, 5.193, 1, 0, -0.001, -0, 0.993, 0.122, 0.001, -0.122, 0.993),
		CFrame.new(0.118, 1.282, 5.172, 1, 0, -0.001, 0, 0.993, 0.121, 0.001, -0.121, 0.993),
		CFrame.new(0.118, 1.282, 5.165, 1, 0, -0.001, -0, 0.993, 0.12, 0.001, -0.12, 0.993),
		CFrame.new(0.118, 1.281, 5.158, 1, 0, -0.001, 0, 0.993, 0.119, 0.001, -0.119, 0.993),
		CFrame.new(0.118, 1.281, 5.15, 1, 0, -0.001, 0, 0.993, 0.118, 0.001, -0.118, 0.993),
		CFrame.new(0.118, 1.281, 5.15, 1, 0, -0.001, 0, 0.993, 0.118, 0.001, -0.118, 0.993),
		CFrame.new(0.118, 1.281, 5.151, 1, 0, -0.001, 0, 0.993, 0.117, 0.001, -0.117, 0.993),
		CFrame.new(0.118, 1.281, 5.151, 1, 0, -0.001, 0, 0.993, 0.116, 0.001, -0.116, 0.993),
		CFrame.new(0.118, 1.281, 5.151, 1, 0, -0.001, 0, 0.993, 0.116, 0.001, -0.116, 0.993),
		CFrame.new(0.118, 1.281, 5.151, 1, 0, -0.001, 0, 0.993, 0.115, 0.001, -0.115, 0.993),
		CFrame.new(0.118, 1.28, 5.151, 1, 0, -0.001, -0, 0.993, 0.114, 0.001, -0.114, 0.993),
		CFrame.new(0.118, 1.28, 5.151, 1, 0, -0.001, 0, 0.994, 0.114, 0.001, -0.114, 0.994),
		CFrame.new(0.118, 1.28, 5.151, 1, 0, -0.001, 0, 0.994, 0.113, 0.001, -0.113, 0.994),
		CFrame.new(0.118, 1.28, 5.151, 1, 0, -0.001, 0, 0.994, 0.113, 0.001, -0.113, 0.994),
		CFrame.new(0.118, 1.28, 5.151, 1, 0, -0.001, 0, 0.994, 0.112, 0.001, -0.112, 0.994),
		CFrame.new(0.118, 1.28, 5.151, 1, 0, -0.001, 0, 0.994, 0.111, 0.001, -0.111, 0.994),
		CFrame.new(0.1, 1.091, 5.151, 1, 0, -0.003, 0, 0.994, 0.111, 0.003, -0.111, 0.994),
		CFrame.new(0.206, 1.236, 5.151, 1, 0, -0.003, 0, 0.994, 0.111, 0.003, -0.111, 0.994),
		CFrame.new(0.311, 1.38, 5.151, 1, 0, -0.003, 0, 0.994, 0.111, 0.003, -0.111, 0.994),
		CFrame.new(0.21, 1.336, 5.151, 1, 0, -0.003, 0, 0.994, 0.111, 0.003, -0.111, 0.994),
		CFrame.new(0.109, 1.292, 5.151, 1, 0, -0.003, 0, 0.994, 0.111, 0.003, -0.111, 0.994),
		CFrame.new(0.074, 1.259, 5.151, 1, 0, -0.003, 0, 0.994, 0.111, 0.003, -0.111, 0.994),
		CFrame.new(0.04, 1.225, 5.151, 1, 0, -0.003, 0, 0.994, 0.111, 0.003, -0.111, 0.994),
		CFrame.new(0.073, 1.203, 5.151, 1, 0, -0.003, 0, 0.994, 0.111, 0.003, -0.111, 0.994),
		CFrame.new(0.106, 1.181, 5.151, 1, 0, -0.003, 0, 0.994, 0.111, 0.003, -0.111, 0.994),
		CFrame.new(0.105, 1.191, 5.151, 1, 0, -0.003, 0, 0.994, 0.111, 0.003, -0.111, 0.994),
		CFrame.new(0.104, 1.202, 5.151, 1, 0, -0.003, 0, 0.994, 0.111, 0.003, -0.111, 0.994),
		CFrame.new(0.103, 1.212, 5.151, 1, 0, -0.003, 0, 0.994, 0.111, 0.003, -0.111, 0.994),
		CFrame.new(0.102, 1.222, 5.151, 1, 0, -0.003, 0, 0.994, 0.111, 0.003, -0.111, 0.994),
		CFrame.new(0.097, 1.226, 5.151, 1, 0, -0.003, 0, 0.994, 0.111, 0.003, -0.111, 0.994),
		CFrame.new(0.092, 1.229, 5.151, 1, 0, -0.003, 0, 0.994, 0.111, 0.003, -0.111, 0.994),
		CFrame.new(0.089, 1.231, 5.151, 1, 0, -0.003, 0, 0.994, 0.111, 0.003, -0.111, 0.994),
		CFrame.new(0.086, 1.232, 5.151, 1, 0, -0.003, 0, 0.994, 0.111, 0.003, -0.111, 0.994),
		CFrame.new(0.086, 1.232, 5.151, 1, 0, -0.003, 0, 0.994, 0.111, 0.003, -0.111, 0.994),
		CFrame.new(0.086, 1.232, 5.151, 1, 0, -0.003, 0, 0.994, 0.111, 0.003, -0.111, 0.994),
		CFrame.new(0.085, 1.231, 5.151, 1, 0, -0.003, 0, 0.994, 0.111, 0.003, -0.111, 0.994),
		CFrame.new(0.085, 1.231, 5.151, 1, 0, -0.003, 0, 0.994, 0.111, 0.003, -0.111, 0.994),
		CFrame.new(0.085, 1.231, 5.151, 1, 0, -0.003, 0, 0.994, 0.111, 0.003, -0.111, 0.994),
		CFrame.new(0.085, 1.231, 5.151, 1, 0, -0.003, 0, 0.994, 0.111, 0.003, -0.111, 0.994),
		CFrame.new(0.085, 1.231, 5.151, 1, 0, -0.003, 0, 0.994, 0.111, 0.003, -0.111, 0.994),
		CFrame.new(0.084, 1.232, 5.151, 1, 0, -0.003, 0, 0.994, 0.111, 0.003, -0.111, 0.994),
		CFrame.new(0.084, 1.233, 5.151, 1, 0, -0.003, 0, 0.994, 0.111, 0.003, -0.111, 0.994),
		CFrame.new(0.084, 1.235, 5.151, 1, 0, -0.003, 0, 0.994, 0.111, 0.003, -0.111, 0.994),
		CFrame.new(0.084, 1.236, 5.151, 1, 0, -0.003, 0, 0.994, 0.111, 0.003, -0.111, 0.994),
		CFrame.new(0.084, 1.238, 5.151, 1, 0, -0.003, 0, 0.994, 0.111, 0.003, -0.111, 0.994),
		CFrame.new(0.084, 1.239, 5.151, 1, 0, -0.003, 0, 0.994, 0.111, 0.003, -0.111, 0.994),
		CFrame.new(0.084, 1.241, 5.151, 1, 0, -0.003, 0, 0.994, 0.111, 0.003, -0.111, 0.994),
		CFrame.new(0.084, 1.242, 5.151, 1, 0, -0.003, 0, 0.994, 0.111, 0.003, -0.111, 0.994),
		CFrame.new(0.083, 1.244, 5.151, 1, 0, -0.003, 0, 0.994, 0.111, 0.003, -0.111, 0.994),
		CFrame.new(0.083, 1.246, 5.151, 1, 0, -0.003, 0, 0.994, 0.111, 0.003, -0.111, 0.994),
		CFrame.new(0.083, 1.247, 5.151, 1, 0, -0.003, 0, 0.994, 0.111, 0.003, -0.111, 0.994),
		CFrame.new(0.083, 1.249, 5.151, 1, 0, -0.003, 0, 0.994, 0.111, 0.003, -0.111, 0.994),
		CFrame.new(0.083, 1.25, 5.151, 1, 0, -0.003, 0, 0.994, 0.111, 0.003, -0.111, 0.994),
		CFrame.new(0.083, 1.252, 5.151, 1, 0, -0.003, 0, 0.994, 0.111, 0.003, -0.111, 0.994),
		CFrame.new(0.083, 1.253, 5.151, 1, 0, -0.003, 0, 0.994, 0.111, 0.003, -0.111, 0.994),
		CFrame.new(0.083, 1.255, 5.151, 1, 0, -0.003, 0, 0.994, 0.111, 0.003, -0.111, 0.994),
		CFrame.new(0.083, 1.256, 5.151, 1, 0, -0.003, 0, 0.994, 0.111, 0.003, -0.111, 0.994),
		CFrame.new(0.082, 1.258, 5.151, 1, 0, -0.003, 0, 0.994, 0.111, 0.003, -0.111, 0.994),
		CFrame.new(0.082, 1.259, 5.151, 1, 0, -0.003, 0, 0.994, 0.111, 0.003, -0.111, 0.994),
		CFrame.new(0.082, 1.261, 5.151, 1, 0, -0.003, 0, 0.994, 0.111, 0.003, -0.111, 0.994),
		CFrame.new(0.082, 1.262, 5.151, 1, 0, -0.003, 0, 0.994, 0.111, 0.003, -0.111, 0.994),
		CFrame.new(0.082, 1.264, 5.151, 1, 0, -0.003, 0, 0.994, 0.111, 0.003, -0.111, 0.994),
		CFrame.new(0.082, 1.265, 5.151, 1, 0, -0.003, 0, 0.994, 0.111, 0.003, -0.111, 0.994),
		CFrame.new(0.082, 1.267, 5.151, 1, 0, -0.003, 0, 0.994, 0.111, 0.003, -0.111, 0.994),
		CFrame.new(0.082, 1.268, 5.151, 1, 0, -0.003, 0, 0.994, 0.111, 0.003, -0.111, 0.994),
		CFrame.new(0.081, 1.27, 5.151, 1, 0, -0.003, 0, 0.994, 0.111, 0.003, -0.111, 0.994),
		CFrame.new(0.081, 1.271, 5.151, 1, 0, -0.003, 0, 0.994, 0.111, 0.003, -0.111, 0.994),
		CFrame.new(0.081, 1.273, 5.151, 1, 0, -0.003, 0, 0.994, 0.111, 0.003, -0.111, 0.994),
		CFrame.new(0.081, 1.274, 5.151, 1, 0, -0.003, 0, 0.994, 0.111, 0.003, -0.111, 0.994),
		CFrame.new(0.081, 1.276, 5.151, 1, 0, -0.003, 0, 0.994, 0.111, 0.003, -0.111, 0.994),
		CFrame.new(-13.31, 0.734, -2.617, -0.016, 0.066, -0.998, 0.004, 0.998, 0.066, 1, -0.003, -0.016),
		CFrame.new(-13.31, 0.734, -2.613, -0.016, 0.066, -0.998, 0.004, 0.998, 0.066, 1, -0.003, -0.016),
